0.550
-0.118
0.534
-0.706
-0.225
0.016
0.230
0.046
-0.551
-0.701
0.273
-0.134
0.194
0.253
0.503
-0.280
0.353
-0.148
0.860
0.473
0.373
1.044
0.024
0.658
0.701
-0.238
0.556
-0.263
0.175
0.443
0.541
0.874
0.909
1.040
0.724
0.194
0.692
0.542
1.155
0.551
0.870
-0.015
0.328
0.794
-0.258
-0.027
-0.180
0.532
0.451
0.686
0.434
1.400
0.371
1.406
0.840
0.826
0.999
0.521
1.712
1.292
0.349
1.052
0.372
1.106
0.837
0.658
0.930
0.662
0.676
0.160
0.925
1.210
0.764
1.552
1.462
1.118
1.077
0.520
0.858
0.640
0.556
1.451
1.779
1.181
0.504
0.959
0.883
1.063
0.468
0.891
0.959
0.788
1.637
0.846
0.566
0.808
0.728
1.195
1.179
0.789
0.381
0.589
0.823
0.372
1.045
0.979
1.218
0.448
1.371
1.133
0.420
0.915
1.103
0.647
0.959
0.946
0.467
0.465
1.479
0.759
1.063
0.892
0.884
0.877
0.255
1.110
0.971
0.895
1.062
0.196
0.579
0.748
0.549
0.634
0.221
0.474
0.716
0.333
1.231
0.482
0.891
0.141
1.403
0.315
0.617
0.863
1.129
0.917
1.047
0.775
1.045
0.399
0.833
0.638
0.165
0.303
0.513
0.218
0.527
0.371
0.409
0.297
0.331
0.806
0.010
0.193
0.580
0.042
-0.132
0.770
0.221
0.007
-0.014
-0.039
-0.214
-0.113
0.709
0.776
0.532
0.398
0.115
-0.177
0.080
-0.456
-0.094
0.322
-0.439
-0.112
-0.201
0.619
-0.752
-0.684
0.413
0.205
-0.293
-0.700
-0.335
-0.772
-0.572
-0.332
-0.343
-0.489
-1.028
-0.131
-0.932
0.067
-0.391
-0.267
-0.956
0.114
-0.542
-0.255
-0.412
-0.407
-0.870
-0.195
-0.545
-0.821
-0.132
-0.507
-0.466
-1.198
-0.815
-1.159
-1.252
-0.342
-0.992
-0.409
-0.562
-0.272
-0.684
-1.035
-0.743
-1.208
-1.717
-1.070
-0.440
-1.055
-1.082
-1.037
-0.707
-0.388
-0.797
-0.684
-1.613
-0.936
-0.263
-1.216
-1.357
-0.564
-1.125
-1.032
-0.870
-0.763
-1.630
-0.958
-0.930
-0.627
-0.490
-0.981
-0.771
-1.346
-1.235
-1.485
-1.188
-0.182
-0.080
-0.984
-1.151
-0.959
-1.279
-1.357
-0.914
-0.043
-0.984
-1.581
-1.621
-0.833
-0.609
-0.968
-1.417
-0.737
-1.687
-0.897
-1.061
-1.663
-0.226
-1.050
-1.030
-1.000
-1.574
-1.145
-0.130
-1.104
-0.775
-0.171
-0.607
-0.282
-0.429
-1.123
-0.757
-1.274
-1.052
-0.236
-1.030
-0.242
-0.934
-0.717
-0.646
-1.251
-0.502
-0.984
-0.701
-1.253
-1.172
-1.397
-0.776
-0.575
-0.718
-0.493
-1.048
-0.897
-1.123
-0.720
0.102
0.255
0.058
-0.674
-0.022
-0.468
-1.164
-0.831
-1.038
0.275
-0.565
-0.779
-0.598
-0.470
-0.574
-0.958
-0.995
0.563
-0.626
-0.891
-0.274
-0.120
-0.028
0.082
-0.841
-0.265
-0.313
-0.432
-0.572
-0.846
-0.102
-0.612
0.577
-0.555
0.537
-0.659
-0.537
0.215
0.231
0.471
0.141
-0.113
-0.060
-0.166
-0.239
-0.286
0.099
-0.242
-0.045
0.294
0.261
0.617
0.730
-0.411
0.233
0.089
-0.146
0.438
0.720
0.926
0.754
0.571
0.464
1.218
-0.102
1.129
-0.114
0.160
0.694
0.676
0.225
0.314
0.874
0.718
0.180
0.381
0.388
0.713
0.051
0.460
0.795
0.594
0.376
0.817
1.150
0.778
1.078
1.152
0.400
1.687
0.099
1.360
0.271
1.757
0.545
1.802
0.658
0.963
1.326
1.066
1.519
0.825
1.293
0.235
0.263
0.931
0.884
1.655
0.639
0.947
1.263
1.193
1.134
1.137
0.956
1.011
0.853
0.377
1.000
0.828
0.920
0.668
0.574
0.685
0.359
1.158
1.149
0.211
0.495
1.649
1.122
1.390
0.834
1.623
0.959
0.824
1.461
0.746
1.836
1.503
0.929
1.894
0.780
1.066
0.646
0.662
0.306
1.568
0.773
0.384
1.563
0.748
1.607
0.643
0.971
0.792
1.475
1.293
1.362
0.598
0.125
0.971
0.623
0.545
0.616
1.112
0.833
0.756
0.709
0.469
0.907
0.864
0.757
0.122
0.734
0.278
1.096
0.999
-0.181
0.949
-0.064
-0.110
0.424
0.634
0.749
-0.037
0.206
0.664
0.165
-0.223
0.363
0.207
0.358
0.802
0.269
0.037
-0.063
0.430
0.616
0.797
0.339
-0.505
1.058
0.763
-0.283
0.286
0.347
0.115
0.335
0.063
-0.023
0.698
0.451
0.072
0.323
-0.711
0.717
-0.937
-0.719
0.364
0.060
-0.697
0.411
0.360
0.080
-0.907
0.575
0.446
-0.061
-0.216
-0.920
-0.218
-0.251
-0.710
-0.682
-0.707
-0.535
-0.892
-0.097
-0.075
0.273
-1.171
-0.681
-0.581
-0.514
-0.842
0.052
-0.429
-0.072
-0.575
-0.761
-0.999
-1.171
-0.395
-0.199
-0.582
0.216
-1.169
-0.910
-0.618
-0.201
-0.590
0.025
-1.425
-0.634
-0.660
-1.264
-1.435
-0.326
-0.677
-1.299
0.069
-1.166
-1.717
-1.609
-0.280
-0.790
-1.619
-1.593
-0.664
-1.199
-0.471
-0.877
-0.320
-1.860
-0.590
-1.177
-0.271
-1.325
-1.012
-0.653
-1.559
-1.329
-1.472
-0.771
-0.985
-0.410
-0.893
-0.666
-1.337
-1.012
-1.364
-0.994
-0.128
-0.095
-0.628
-1.298
-0.830
-1.247
-1.070
-0.862
-0.607
-1.292
-1.193
-1.077
-1.550
-0.399
-0.610
-1.292
-1.413
-1.690
-1.524
-1.181
-0.846
-0.353
-0.714
-0.598
-1.128
-1.249
-1.018
-0.937
-0.403
-1.021
-1.322
-0.993
-0.416
-0.705
-1.036
-1.320
-0.743
-0.837
-1.086
-1.090
-0.529
-1.066
-0.396
-0.454
-1.722
-1.260
-0.871
-0.400
-0.806
-0.116
-0.882
-1.112
-1.036
-1.271
-0.252
-0.832
-1.172
-0.910
-0.736
-0.217
-0.714
-0.876
-1.013
-1.196
-0.636
-0.279
-0.162
-0.337
-0.622
-0.605
-0.653
-0.699
0.203
-0.326
0.174
-0.193
0.037
-1.010
0.121
0.554
0.664
0.071
-0.353
-0.153
0.225
-0.169
-0.112
-0.941
-0.523
-0.238
0.168
0.269
0.566
-0.181
0.019
0.411
0.287
-0.179
-0.310
-0.093
0.851
0.330
0.171
-0.189
0.153
0.051
-0.298
0.448
0.533
0.717
-0.207
0.557
0.047
0.481
0.735
0.930
0.229
0.809
0.621
0.553
0.358
0.866
0.857
0.244
0.222
0.412
0.181
-0.200
0.386
0.188
1.177
0.632
0.957
0.810
0.289
0.906
0.847
1.156
0.341
1.186
0.544
1.261
0.548
0.575
0.371
0.705
1.036
0.353
0.258
0.503
0.853
0.118
0.002
0.498
0.488
0.429
0.037
1.249
0.886
0.945
0.698
1.423
0.962
1.064
0.986
0.688
0.620
0.068
0.833
1.098
1.263
1.758
0.871
0.988
0.816
0.601
1.693
1.365
1.235
0.365
1.624
1.794
0.527
1.262
0.981
1.793
0.262
0.590
0.843
0.725
1.592
0.869
0.313
1.181
0.765
1.488
1.287
0.879
1.142
0.841
0.719
1.051
0.709
0.969
0.383
1.333
1.096
0.701
0.144
1.155
1.094
0.294
1.720
0.636
0.664
1.573
0.948
0.971
0.461
1.574
0.552
1.319
0.844
0.683
0.405
1.202
1.392
0.275
1.298
0.386
-0.077
0.859
1.203
0.280
0.006
0.713
1.041
0.820
-0.021
1.030
0.945
-0.136
0.463
0.555
0.028
1.080
0.379
-0.272
0.647
0.339
0.462
0.323
0.170
-0.398
0.278
0.587
0.241
0.316
0.739
-0.113
0.544
0.299
0.120
-0.158
1.072
0.135
-0.427
0.971
-0.110
0.061
-0.859
-0.171
0.401
0.360
-0.721
-0.350
0.111
0.253
-0.136
0.486
-1.101
0.284
0.713
-0.150
-0.223
-0.782
-0.399
-0.146
-0.844
0.425
-0.230
-0.149
-0.382
-0.225
-1.047
-0.426
0.174
0.028
-0.118
-0.219
-0.968
-0.279
-0.689
-0.611
-0.133
-0.436
-0.477
-0.878
-0.420
-0.674
0.354
-0.356
-0.434
-0.769
-1.297
0.206
-0.516
-0.159
-0.450
-0.216
-0.486
-0.547
-1.527
-1.283
-0.868
-1.011
-0.342
-1.145
-0.631
-0.619
-1.579
-0.809
-0.422
-0.529
-0.779
-0.992
-0.298
-1.608
-0.825
-1.486
-0.964
-0.534
-0.925
-1.010
-1.503
-1.411
-1.097
-1.576
-0.615
-0.874
-1.156
-0.347
-1.347
-1.699
-1.192
-0.991
-1.331
-0.917
-1.561
-1.550
-1.517
-0.417
-1.365
-0.791
-1.406
-1.060
-1.439
-1.068
-1.787
-1.283
-0.833
-1.683
-0.969
-1.218
-0.800
-0.744
-1.517
-0.289
-1.276
-1.526
-1.486
-1.334
-0.867
-1.325
-0.155
-1.202
-0.333
-0.825
-0.260
-0.872
-0.573
-0.952
-0.733
-1.060
-1.106
-0.236
-0.930
