0.042
0.045
0.048
0.052
0.055
0.058
0.062
0.065
0.068
0.072
0.075
0.078
0.081
0.085
0.088
0.091
0.094
0.097
0.100
0.103
0.106
0.109
0.112
0.115
0.118
1553981643782295400000000000000000.000
271988162560.000
0.000
0.000
0.000
0.134
0.136
0.139
0.141
0.144
0.146
0.000
0.151
0.153
0.155
0.158
1553981643782295400000000000000000.000
0.000
0.000
0.000
0.000
0.170
0.171
0.173
0.175
0.177
0.178
0.000
0.181
0.183
0.184
0.185
0.000
0.000
0.189
0.000
0.191
0.000
-1.#QO
0.194
0.195
0.000
0.196
0.197
0.198
0.198
0.199
0.199
0.000
0.000
0.000
0.000
0.200
0.000
0.000
0.000
0.000
0.000
0.199
0.000
0.199
0.198
0.198
0.197
0.000
0.000
0.000
0.194
0.000
0.000
0.000
0.000
0.000
0.188
0.187
0.000
0.184
0.183
0.000
0.000
0.000
0.000
0.000
0.000
0.000
0.000
0.000
0.000
0.000
0.000
0.000
0.000
0.000
0.000
0.000
0.000
0.000
0.000
0.000
0.000
0.000
0.000
0.000
0.000
0.000
0.000
-1.#QO
0.000
0.000
0.000
1575307482096559800000000000000000.000
0.000
-1.#QO
0.000
1552579986172814600000000000000000.000
0.000
0.000
0.000
0.000
0.000
0.000
0.000
0.000
0.000
0.000
0.000
0.000
-1.#QO
0.000
0.000
0.000
1536479956991888600000000000000000.000
1658899073764295300000000000000000.000
0.000
0.000
0.000
0.000
0.000
0.000
-1.#QO
0.000
1552489307064936900000000000000000.000
0.000
0.000
0.000
0.000
0.000
1552460679701528400000000000000000.000
0.000
0.000
0.000
0.000
0.000
0.000
1517694216895732900000000000000000.000
0.000
0.000
0.000
0.000
0.000
0.000
0.000
0.000
0.000
0.000
0.000
0.000
0.000
0.000
0.000
0.000
0.000
0.000
0.000
0.000
0.000
0.000
0.000
0.000
0.000
0.000
0.000
0.000
0.000
0.000
0.000
0.000
0.000
0.000
0.000
0.000
0.000
0.000
0.000
0.000
0.000
0.000
0.000
0.000
0.000
0.000
0.000
0.000
0.000
1552100284407591500000000000000000.000
272007036928.000
0.000
0.000
0.000
0.000
0.000
0.000
0.000
0.000
0.000
0.000
42591298037393838000000000000000.000
42582690485558181000000000000000.000
0.000
0.000
0.000
1563883152444014700000000000000000.000
0.000
0.000
0.000
0.000
0.000
1563894293904368200000000000000000.000
0.000
0.000
0.000
0.000
0.000
0.000
0.000
0.000
0.000
0.000
0.000
0.000
0.000
0.000
0.000
0.000
0.000
0.000
0.000
0.000
0.000
0.000
0.000
0.000
0.000
0.000
0.000
0.000
0.000
0.000
0.000
0.000
1552100284407591500000000000000000.000
272011231232.000
0.000
0.000
0.000
0.000
0.000
0.000
0.000
0.000
0.000
0.000
0.000
0.000
0.000
0.000
0.000
0.000
0.000
0.000
0.000
0.000
1575307482096559800000000000000000.000
0.000
-1.#QO
0.000
1551353032851377900000000000000000.000
0.000
1551347152636191200000000000000000.000
0.000
0.000
0.000
0.000
0.000
0.000
0.000
0.000
0.000
0.000
0.000
1563691735965440200000000000000000.000
0.450
0.000
0.000
0.000
0.000
0.000
0.000
0.000
0.000
0.000
0.000
0.400
39631262510880532000000000000000.000
0.000
0.000
0.000
0.000
0.000
0.000
0.000
0.000
0.000
0.000
0.000
0.000
0.000
0.000
0.000
0.000
0.000
0.000
0.000
0.000
0.000
0.000
0.000
0.000
1575307482096559800000000000000000.000
0.000
-1.#QO
0.000
1551353032851377900000000000000000.000
0.000
1551347152636191200000000000000000.000
0.000
0.000
0.000
0.000
0.000
0.000
0.000
39627814654442991000000000000000.000
0.000
0.000
0.000
0.000
0.000
0.000
0.000
0.000
0.000
1539336813117549400000000000000000.000
0.000
0.000
0.000
0.000
1551278446964010900000000000000000.000
0.000
0.000
1571297949051819300000000000000000.000
40019907983370243000000000000000.000
0.000
0.000
0.000
0.000
0.000
0.400
0.400
0.000
0.000
0.000
119007644166332900000000000000000.000
0.000
0.000
0.000
0.000
0.000
0.000
0.000
0.000
0.000
0.000
0.000
0.000
0.400
0.000
0.000
0.000
0.000
0.000
118999907041087370000000000000000.000
0.000
118978426847124460000000000000000.000
0.000
0.000
119000555025326680000000000000000.000
0.000
119000177840470960000000000000000.000
-3284081836032.000
0.000
0.000
0.000
0.000
0.000
0.000
0.000
0.000
119559504295877140000000000000000.000
-0.000
-1.#QO
119000177840470960000000000000000.000
119000912867369290000000000000000.000
0.000
0.000
0.000
0.000
0.000
0.000
0.000
120731823841673840000000000000000.000
0.000
0.000
0.000
0.000
0.000
0.000
122341155564151390000000000000000.000
122341155564151390000000000000000.000
0.000
0.000
0.000
0.000
119882277818307690000000000000000.000
0.000
0.000
119933855429475730000000000000000.000
0.000
0.000
120289821219209620000000000000000.000
122341155564151390000000000000000.000
120289724505144050000000000000000.000
-3284050640896.000
0.000
0.000
0.000
122341155564151390000000000000000.000
122341155564151390000000000000000.000
0.000
0.000
0.000
119559504295877140000000000000000.000
-0.000
-1.#QO
120289724505144050000000000000000.000
120290033990153870000000000000000.000
0.000
0.000
0.000
0.000
0.000
0.000
0.000
0.000
0.000
