-0.018
-0.024
0.057
0.058
0.089
0.123
0.116
0.179
0.177
0.176
0.110
0.132
0.250
0.173
0.223
0.316
0.263
0.291
0.352
0.334
0.406
0.341
0.416
0.419
0.447
0.423
0.427
0.512
0.518
0.424
0.499
0.486
0.557
0.574
0.615
0.527
0.595
0.644
0.639
0.556
0.696
0.602
0.682
0.610
0.744
0.707
0.713
0.762
0.786
0.669
0.728
0.705
0.819
0.845
0.857
0.875
0.826
0.793
0.838
0.826
0.872
0.870
0.919
0.860
0.836
0.992
0.834
0.902
1.005
0.924
0.906
0.925
1.009
0.941
1.022
1.028
1.015
0.926
1.037
0.966
0.961
1.020
0.945
0.918
1.049
0.927
0.990
1.023
0.981
0.961
1.031
0.951
0.951
1.055
1.055
1.029
0.982
0.902
0.943
0.922
0.915
0.968
0.982
1.056
1.049
1.035
0.930
0.896
0.930
1.005
0.930
0.971
0.989
0.855
0.875
0.952
0.834
0.832
0.921
0.879
0.886
0.912
0.850
0.836
0.866
0.795
0.886
0.779
0.842
0.762
0.759
0.812
0.809
0.770
0.717
0.712
0.735
0.712
0.593
0.610
0.645
0.611
0.616
0.611
0.665
0.576
0.478
0.477
0.506
0.501
0.547
0.449
0.506
0.420
0.427
0.426
0.419
0.405
0.381
0.290
0.353
0.317
0.387
0.286
0.361
0.312
0.254
0.244
0.176
0.190
0.189
0.156
0.106
0.096
0.108
0.107
0.067
0.071
0.001
0.048
-0.025
-0.045
-0.052
-0.079
-0.112
-0.060
-0.123
-0.059
-0.111
-0.131
-0.113
-0.184
-0.171
-0.213
-0.296
-0.269
-0.286
-0.254
-0.299
-0.334
