0.014600
0.036000
0.065400
0.077200
61655758399113275000000000000000.000000
215063944232960.000000
-1.#QNAN0
0.128400
97447109829151861000000000000000.000000
0.133600
0.133000
0.155600
0.192400
0.195000
0.218600
0.244400
0.248000
0.276600
97370928159703025000000000000000.000000
0.299400
0.316400
0.324600
-1.#QNAN0
0.343200
0.361800
0.376000
0.376200
0.390600
0.385400
0.393200
97383181831810639000000000000000.000000
0.446400
0.454600
97440784729263637000000000000000.000000
0.476200
97441200599745584000000000000000.000000
0.486800
2753131915134202700000000000000000.000000
0.498600
0.507200
0.518000
0.527600
0.548600
-108804006294847350000000000.000000
0.585200
0.593600
98496911996685534000000000000000.000000
0.589000
0.577600
0.584200
0.619400
0.645200
0.679200
96324143471015110000000000000000.000000
0.670200
0.666400
0.656600
0.665800
99560089719487423000000000000000.000000
0.697400
96332344823775376000000000000000.000000
0.697000
0.721400
0.704400
99475735711497993000000000000000.000000
0.746600
101586288078787770000000000000000.000000
0.747400
99511800386548736000000000000000.000000
2724153286239581100000000000000000.000000
0.756200
64647975530944722000000000000000.000000
64632075738565151000000000000000.000000
0.801200
0.798200
0.801200
2753610688444396300000000000000000.000000
0.778000
0.796800
0.778400
0.768800
0.786400
2753638542095280300000000000000000.000000
0.776800
-147586953215163240000.000000
0.784200
0.791000
0.799200
0.784800
64632327195135631000000000000000.000000
0.797600
0.802400
0.818000
0.824200
0.793600
0.771200
0.749800
0.736400
0.749600
0.757400
0.784200
0.811000
0.824400
0.814000
0.782000
0.758200
0.752200
0.752200
0.767200
0.779000
0.749000
0.738000
0.734200
0.703200
0.698600
0.707800
0.693200
0.703600
0.719600
0.705400
0.696800
0.692800
0.669400
0.676600
0.665200
0.660400
0.653800
0.628400
0.635000
0.628400
0.630000
0.621600
0.601600
0.586800
0.575200
0.550400
0.530000
0.512000
0.491800
0.496400
0.496600
0.500600
0.493600
0.466000
0.439200
0.407400
0.392400
0.406200
0.400600
0.400600
0.384400
0.360400
0.355800
0.338400
0.335400
0.326200
0.299000
0.285800
0.268200
-108810684016202040000000000.000000
2771924773385584200000000000000000.000000
60963570996131445000000000000000.000000
-1.#QNAN0
2771850496983227100000000000000000.000000
60963247004011788000000000000000.000000
0.197200
0.172800
0.159800
0.142200
0.128200
0.109400
0.093200
0.083400
97383181831810639000000000000000.000000
0.070600
0.049200
97303673198506224000000000000000.000000
0.019000
97304098740394728000000000000000.000000
-0.014800
101586288078787770000000000000000.000000
-0.057600
-0.060600
-0.074800
-0.070800
-0.070600
98109533478454779000000000000000.000000
-0.082800
-0.107800
101586288078787770000000000000000.000000
-0.136200
97304098740394728000000000000000.000000
99196338447475217000000000000000.000000
-0.212800
98512995545789687000000000000000.000000
-0.221600
-0.234600
0.000000
0.000000
0.000000
